0100000000000000000000000000000000000000000000000000
1010000000000000000000000000000000000000000000000000
0101000000000000000000000000000000000000000000000000
0010100000000000000000000000000000000000000000000000
0001010000000000000000000000000000000000000000000000
0000101000000000000000000000000000000000000000000000
0000010100000000000000000000000000000000000000000000
0000001010000000000000000000000000000000000000000000
0000000101000000000000000000000000000000000000000000
0000000010100000000002000000000000000000000000000000
0000000001010000000000000000000000000000020000000000
0000000000101000000000000000000000000000000000000000
0000000000010100000000000000000000000000000000000000
0000000000001010000000000000000000000000000000000000
0000000000000101000000000000000000000000000000000000
0000000000000010100000000000000000000000000000000000
0000000000000001010000000000000000000000000000000000
0000000000000000100000000000000000000000000000000000
0000000000000000000100000000000000000000000000000000
0000000000000000001010000000000000000000000000000000
0000000000000000000101000000000000000000000000000000
0000000002000000000010100000000000000000000000000000
0000000000000000000001010000000000000000002000000000
0000000000000000000000101000000000000000000000000000
0000000000000000000000010100000000000000000000000000
0000000000000000000000001010000000000000000000000000
0000000000000000000000000101000000000000000000000000
0000000000000000000000000010100000000000000000000000
0000000000000000000000000001010000000000000000000000
0000000000000000000000000000101000000000000000000000
0000000000000000000000000000010100000000000000000000
0000000000000000000000000000001010000000000000000000
0000000000000000000000000000000101000000000000000000
0000000000000000000000000000000010000000000000000000
0000000000000000000000000000000000010000000000000000
0000000000000000000000000000000000101000000000000000
0000000000000000000000000000000000010100000000000000
0000000000000000000000000000000000001010000000000000
0000000000000000000000000000000000000101000000000000
0000000000000000000000000000000000000010100000000000
0000000000000000000000000000000000000001010000000000
0000000000200000000000000000000000000000101000000000
0000000000000000000000200000000000000000010100000000
0000000000000000000000000000000000000000001010000000
0000000000000000000000000000000000000000000101000000
0000000000000000000000000000000000000000000010100000
0000000000000000000000000000000000000000000001010000
0000000000000000000000000000000000000000000000101000
0000000000000000000000000000000000000000000000010100
0000000000000000000000000000000000000000000000001010
0000000000000000000000000000000000000000000000000101
0000000000000000000000000000000000000000000000000010